5
Pedrinho
200 0 1000 200 200 150 900 788 433 900 10 20
Zequinha
500 500 500 500 500 500 500 500 500 500 500 500
Paulinho
1000 1000 1000 1000 1000 1000 1000 1000 1000 1000 1000 1000
Zezinho
1000 1000 1000 1000 1000 1000 1000 1000 1000 1000 1000 0
Carlinhos
578 234 32 900 900 900 1000 999 998 1000 489 798
5
Aninha
100 100 100 100 100 100 100 100 100 100 100 100
Luizinha
40 100 200 300 50 50 100 100 100 100 100 100
Silvinha
0 100 100 100 100 100 1000 100 100 100 100 100
Julia
91 90 90 90 90 90 110 110 111 110 110 110
Natalia
0 0 0 0 1000 0 0 0 0 0 0 1000
4
Diego
500 500 500 600 600 600 700 700 700 345 982 600
Ivan
324 70 70 70 70 50 50 50 500 600 600 701
Luis
400 500 500 600 600 600 700 700 700 345 982 600
Luiz
500 400 500 600 600 600 700 700 700 345 982 600
7
Primeiro
123 532 324 242 322 858 938 858 395 89 283 874
Segundo
123 532 324 242 322 858 938 858 395 89 283 874
Terceiro
123 532 324 242 322 85 938 58 395 89 283 874
Quarto
123 532 324 242 322 85 938 58 395 89 283 874
Antepenultimo
12 52 324 242 322 85 938 58 395 89 283 874
Ultimo
12 52 324 242 322 85 938 58 395 89 283 874
Depoisdoultimo
0 0 0 0 0 0 0 0 0 0 0 0
0
